10.007372723509933
967 288
977.0073852539062 288
987.0147705078125 288
997.0220947265625 288
1002.9915771484375 283.97052001953125
1002.8967895507812 273.9636535644531
1002.69189453125 263.95843505859375
1002.3705444335938 253.95626831054688
1001.9261474609375 243.95884704589844
1001.3514404296875 233.9680633544922
1000.6386108398438 223.98619079589844
999.77880859375 214.0159149169922
998.7626342773438 204.06036376953125
997.5797119140625 194.12327575683594
996.2188720703125 184.20896911621094
994.6675415039062 174.32275390625
992.912109375 164.47076416015625
990.9375610351562 154.6603546142578
988.7276000976562 144.90032958984375
986.2640380859375 135.2012176513672
983.52734375 125.5757064819336
980.4960327148438 116.03889465332031
977.1471557617188 106.60904693603516
973.4561767578125 97.307861328125
969.3968505859375 88.16157531738281
964.942626953125 79.20108032226562
960.0665283203125 70.4632568359375
954.7433471679688 61.9904899597168
948.9697265625 53.81780242919922
942.8359985351562 45.911643981933594
936.3424072265625 38.29841995239258
929.4747314453125 31.02112579345703
922.2227783203125 24.126934051513672
914.5819702148438 17.66669273376465
906.554931640625 11.693401336669922
898.1535034179688 6.259535312652588
889.3997802734375 1.4140921831130981
880.3255615234375 -2.8005833625793457
870.9722900390625 -6.352908134460449
861.3876953125 -9.223777770996094
851.6238403320312 -11.408509254455566
841.732666015625 -12.91616153717041
831.7633056640625 -13.768199920654297
821.7600708007812 -13.99535083770752
811.760986328125 -13.623294830322266
801.8024291992188 -12.651660919189453
791.9202880859375 -11.08287239074707
782.1489868164062 -8.928125381469727
772.5203857421875 -6.20632791519165
763.0615234375 -2.94260311126709
753.7947387695312 0.8325936198234558
744.7373657226562 5.085927486419678
735.9015502929688 9.7821044921875
727.2943725585938 14.885771751403809
718.91943359375 20.362215042114258
710.776611328125 26.17841339111328
702.86328125 32.303382873535156
695.3736572265625 38.933536529541016
688.55078125 46.25021743774414
682.3028564453125 54.06501007080078
676.5430297851562 62.2471809387207
671.1988525390625 70.70698547363281
666.2105102539062 79.38176727294922
661.5296020507812 88.22628021240234
657.1165161132812 97.20758056640625
652.9390258789062 106.30099487304688
648.97021484375 115.48744201660156
645.1876220703125 124.7522201538086
641.572265625 134.08348083496094
638.1083374023438 143.47201538085938
634.7818603515625 152.91017150878906
631.5809326171875 162.39183044433594
628.495361328125 171.91148376464844
625.5161743164062 181.46507263183594
622.6353149414062 191.04861450195312
619.8455810546875 200.65914916992188
617.140869140625 210.29400634765625
614.5155639648438 219.95111083984375
611.9647827148438 229.6279296875
609.4837646484375 239.32289123535156
607.0685424804688 249.03427124023438
604.7152709960938 258.7609558105469
602.4207763671875 268.5018615722656
600.1817016601562 278.25555419921875
597.995361328125 288.02099609375
595.8297729492188 297.7912292480469
593.6642456054688 307.5614013671875
591.4986572265625 317.3315124511719
589.3330688476562 327.10205078125
587.1674194335938 336.87249755859375
585.0018310546875 346.6429748535156
582.8362426757812 356.41326904296875
580.670654296875 366.1836242675781
578.5050659179688 375.9539794921875
576.3394775390625 385.7242126464844
574.1738891601562 395.4944763183594
572.0083618164062 405.2646484375
569.8428344726562 415.03472900390625
567.67724609375 424.804931640625
565.5116577148438 434.57525634765625
563.3460693359375 444.3456115722656
561.1804809570312 454.11590576171875
559.0149536132812 463.8861389160156
556.849365234375 473.65643310546875
554.6837768554688 483.42657470703125
552.5181884765625 493.1969299316406
550.3526611328125 502.9671936035156
548.1870727539062 512.7373046875
546.021484375 522.5078125
543.8558959960938 532.278076171875
541.6903076171875 542.0484008789062
539.5247192382812 551.818603515625
537.359130859375 561.589111328125
535.193603515625 571.3591918945312
533.0280151367188 581.12939453125
530.8624877929688 590.8995971679688
528.6968383789062 600.6699829101562
526.53125 610.4403076171875
524.36572265625 620.21044921875
522.2001953125 629.9805297851562
520.0346069335938 639.7509765625
517.8690185546875 649.5211791992188
515.703369140625 659.2916259765625
513.5377807617188 669.06201171875
510.8298645019531 673.3455810546875
506.79290771484375 664.1879272460938
502.7563171386719 655.0310668945312
498.71954345703125 645.8738403320312
494.68292236328125 636.7169799804688
490.646240234375 627.5598754882812
486.6094055175781 618.402587890625
482.5724792480469 609.2449340820312
478.5357971191406 600.087890625
474.499267578125 590.9312744140625
470.4627380371094 581.7745361328125
466.426025390625 572.617431640625
462.3892822265625 563.4602661132812
458.3525695800781 554.3031616210938
454.3158874511719 545.1461181640625
450.27923583984375 535.9891357421875
446.2425842285156 526.8321533203125
442.2059631347656 517.67529296875
438.16925048828125 508.5181579589844
434.1324462890625 499.36083984375
430.095703125 490.2037353515625
426.0589599609375 481.0465087890625
422.0224609375 471.889892578125
417.9859619140625 462.73321533203125
413.94921875 453.57611083984375
409.91259765625 444.4191589355469
405.87567138671875 435.2615966796875
401.8390197753906 426.1046142578125
397.8021545410156 416.9471435546875
393.7653503417969 407.7898864746094
389.728759765625 398.633056640625
385.6919250488281 389.47564697265625
381.6551513671875 380.31842041015625
377.61846923828125 371.16131591796875
373.5816650390625 362.00408935546875
369.54510498046875 352.8472595214844
365.50823974609375 343.68988037109375
361.47149658203125 334.5326843261719
357.434814453125 325.3756408691406
353.3980712890625 316.2184753417969
349.361328125 307.0612487792969
345.324462890625 297.90386962890625
341.2877197265625 288.74664306640625
337.25103759765625 279.5895690917969
333.21435546875 270.4325866699219
329.17767333984375 261.2755126953125
325.140869140625 252.11825561523438
321.1043395996094 242.96151733398438
317.06756591796875 233.80422973632812
313.0308837890625 224.64718627929688
308.99420166015625 215.490234375
304.95745849609375 206.33303833007812
300.9207763671875 197.17599487304688
296.88409423828125 188.0189208984375
292.847412109375 178.86187744140625
288.81072998046875 169.704833984375
284.77386474609375 160.54742431640625
280.73712158203125 151.3902587890625
276.70050048828125 142.23333740234375
272.663818359375 133.07623291015625
268.6270751953125 123.9190673828125
264.5902099609375 114.76171875
260.55352783203125 105.60467529296875
256.51678466796875 96.44744873046875
252.4801025390625 87.2904052734375
248.44342041015625 78.13336181640625
244.40670776367188 68.976318359375
240.36993408203125 59.81903076171875
236.333251953125 50.6619873046875
232.29653930664062 41.50494384765625
228.25985717773438 32.34783935546875
224.22317504882812 23.1907958984375
220.18637084960938 14.03350830078125
216.14968872070312 4.87646484375
209.32196044921875 0
199.31463623046875 0
189.30731201171875 0
179.29974365234375 0
169.29241943359375 0
159.28509521484375 0
149.27777099609375 0
139.27020263671875 0
129.26287841796875 0
119.25555419921875 0
109.24822998046875 0
99.24090576171875 0
89.23358154296875 0
79.22601318359375 0
69.21917724609375 0
59.21185302734375 0
49.20404052734375 0
39.19671630859375 0
29.18890380859375 0
27.449764251708984 5.277294158935547
31.66338348388672 14.354294776916504
35.87720489501953 23.431739807128906
40.090877532958984 32.50885009765625
44.304595947265625 41.58607482910156
48.51826858520508 50.663185119628906
52.731990814208984 59.74040603637695
56.94571304321289 68.817626953125
61.15922927856445 77.8944091796875
65.37258911132812 86.97085571289062
69.58584594726562 96.04708099365234
73.79957580566406 105.12430572509766
78.01319122314453 114.20130920410156
82.22650146484375 123.27764129638672
86.4400634765625 132.3545379638672
90.65379333496094 141.4317626953125
94.86705017089844 150.5079803466797
99.08045959472656 159.58453369140625
103.2943344116211 168.66209411621094
107.50826263427734 177.73976135253906
111.72198486328125 186.81698608398438
115.93585968017578 195.89453125
120.14948272705078 204.97154235839844
124.3633041381836 214.04898071289062
128.57676696777344 223.1256561279297
132.79058837890625 232.20309448242188
137.00421142578125 241.28009033203125
141.2175750732422 250.35653686523438
145.43115234375 259.4334411621094
149.64476013183594 268.51043701171875
153.85848999023438 277.587646484375
158.07241821289062 286.6653137207031
162.2861785888672 295.7426452636719
166.50021362304688 304.820556640625
170.71409606933594 313.8981018066406
174.92755126953125 322.9747619628906
179.14065551757812 332.0506591796875
183.3541259765625 341.1273193359375
187.56790161132812 350.20465087890625
191.78150939941406 359.2816467285156
195.99508666992188 368.3585510253906
200.20880126953125 377.4357604980469
204.42222595214844 386.5123291015625
208.63552856445312 395.58868408203125
212.8490447998047 404.6654357910156
217.06312561035156 413.7434387207031
221.2764892578125 422.81988525390625
225.4901580810547 431.8970031738281
229.70372009277344 440.9739074707031
233.91714477539062 450.0504455566406
238.13059997558594 459.12713623046875
242.34417724609375 468.2040100097656
246.55743408203125 477.2802429199219
250.77105712890625 486.35723876953125
254.984619140625 495.43414306640625
259.19830322265625 504.51123046875
263.412109375 513.5886840820312
267.6255187988281 522.6652221679688
271.839111328125 531.7421264648438
276.052734375 540.8191528320312
280.26641845703125 549.8963623046875
284.48004150390625 558.973388671875
288.6935729980469 568.0501098632812
292.9071350097656 577.1270141601562
297.1208190917969 586.2041625976562
301.33453369140625 595.2813720703125
305.54815673828125 604.3583374023438
309.7618103027344 613.4354858398438
313.9755859375 622.5128173828125
318.18914794921875 631.5897216796875
322.4026794433594 640.66650390625
326.61602783203125 649.742919921875
330.82965087890625 658.8199462890625
335.0433654785156 667.8971557617188
339.2569885253906 676.97412109375
343.4706115722656 686.0511474609375
347.6842346191406 695.128173828125
351.8978576660156 704.2051391601562
356.111572265625 713.2823486328125
360.3251953125 722.359375
364.538818359375 731.4364013671875
368.75244140625 740.5133666992188
372.9660339355469 749.5903930664062
377.1798095703125 758.6676635742188
381.3934020996094 767.74462890625
385.6070251464844 776.8216552734375
389.8206481933594 785.898681640625
394.0342712402344 794.9756469726562
398.24798583984375 804.0528564453125
402.46160888671875 813.1298828125
406.67523193359375 822.2069091796875
410.88885498046875 831.2838745117188
415.10247802734375 840.3609008789062
419.3161926269531 849.4381103515625
423.5298156738281 858.51513671875
427.7434387207031 867.5921020507812
431.9570617675781 876.6691284179688
436.170654296875 885.74609375
440.3843994140625 894.8233642578125
444.5979919433594 903.9003295898438
448.8116149902344 912.9773559570312
452.9888000488281 922.0588989257812
451.0976867675781 931.8858642578125
449.15850830078125 941.7037963867188
447.16949462890625 951.5114135742188
445.12835693359375 961.308349609375
443.03271484375 971.0938110351562
440.88037109375 980.8668823242188
438.6683654785156 990.6268920898438
436.3941650390625 1000.3723754882812
434.05462646484375 1010.1024169921875
431.64630126953125 1019.8156127929688
429.1659240722656 1029.5103759765625
426.6092834472656 1039.185791015625
423.9722900390625 1048.8394775390625
421.2504577636719 1058.469482421875
418.4385986328125 1068.0736083984375
415.5310974121094 1077.649169921875
412.5220642089844 1087.193603515625
409.40472412109375 1096.7030029296875
406.171630859375 1106.173583984375
402.8145446777344 1115.600830078125
399.3243408203125 1124.979736328125
395.6905212402344 1134.30419921875
391.90179443359375 1143.5665283203125
387.9450988769531 1152.75830078125
383.80572509765625 1161.869140625
379.467041015625 1170.88671875
374.9100036621094 1179.7962646484375
370.11285400390625 1188.5784912109375
365.0389709472656 1197.2034912109375
359.6575622558594 1205.6400146484375
353.9427490234375 1213.854248046875
347.8677673339844 1221.8057861328125
341.4058532714844 1229.4456787109375
334.53125 1236.7159423828125
327.2218322753906 1243.54833984375
319.46270751953125 1249.864990234375
311.25048828125 1255.5797119140625
302.5984802246094 1260.6026611328125
293.5397644042969 1264.8475341796875
284.1294860839844 1268.2413330078125
274.4415588378906 1270.734375
264.5619201660156 1272.306884765625
254.5800323486328 1272.9713134765625
244.57606506347656 1272.8143310546875
234.60768127441406 1271.9566650390625
224.72914123535156 1270.37109375
215.00021362304688 1268.03662109375
205.48345947265625 1264.9501953125
196.23800659179688 1261.1268310546875
187.31625366210938 1256.59912109375
178.7594451904297 1251.4144287109375
170.59576416015625 1245.62939453125
162.84133911132812 1239.3065185546875
155.49984741210938 1232.5081787109375
148.60702514648438 1225.25634765625
142.30679321289062 1217.4844970703125
136.61233520507812 1209.2576904296875
131.50933837890625 1200.6514892578125
126.97171020507812 1191.73388671875
122.96566009521484 1182.5648193359375
119.45419311523438 1173.1949462890625
116.39932250976562 1163.6661376953125
113.76374816894531 1154.0126953125
111.51268768310547 1144.2625732421875
109.61321258544922 1134.4376220703125
108.0360107421875 1124.5556640625
106.7538070678711 1114.6312255859375
105.74256134033203 1104.675048828125
104.69632720947266 1095
94.68890380859375 1095
84.68154907226562 1095
74.67416381835938 1095
69.10034942626953 1099.3321533203125
69.42403411865234 1109.3341064453125
69.8807373046875 1119.3310546875
70.47595977783203 1129.3204345703125
71.21540069580078 1139.300537109375
72.10540771484375 1149.2685546875
73.15213775634766 1159.2210693359375
74.36255645751953 1169.1551513671875
75.74333190917969 1179.066650390625
77.302001953125 1188.9517822265625
79.0461654663086 1198.8060302734375
80.9836196899414 1208.6239013671875
83.12252044677734 1218.399658203125
85.47126770019531 1228.1273193359375
88.03849029541016 1237.79931640625
90.83287811279297 1247.4085693359375
93.86322021484375 1256.94580078125
97.1381607055664 1266.4019775390625
100.66624450683594 1275.76611328125
104.45596313476562 1285.0277099609375
108.51519012451172 1294.1744384765625
112.85122680664062 1303.193115234375
117.47061157226562 1312.06982421875
122.37895202636719 1320.7901611328125
127.58067321777344 1329.3389892578125
133.07037353515625 1337.705078125
138.84945678710938 1345.8759765625
144.93270874023438 1353.8211669921875
151.3367156982422 1361.5096435546875
158.07669067382812 1368.9051513671875
165.16481018066406 1375.966796875
172.61163330078125 1382.6505126953125
180.42031860351562 1388.906982421875
188.5858917236328 1394.683837890625
197.1034393310547 1399.93408203125
205.9503936767578 1404.6075439453125
215.0980224609375 1408.6612548828125
224.50782775878906 1412.0618896484375
234.13526916503906 1414.78759765625
243.93106079101562 1416.8297119140625
253.8430633544922 1418.193115234375
263.8236083984375 1418.895751953125
273.82818603515625 1418.87109375
283.798583984375 1418.0428466796875
293.67657470703125 1416.4449462890625
303.40106201171875 1414.091796875
312.92034912109375 1411.0146484375
322.1953430175781 1407.255615234375
331.1884765625 1402.8712158203125
339.88104248046875 1397.918701171875
348.2645263671875 1392.4560546875
356.3338928222656 1386.54150390625
364.09619140625 1380.2259521484375
371.5543212890625 1373.555419921875
378.62451171875 1366.4747314453125
385.2856750488281 1359.0069580078125
391.5641784667969 1351.2197265625
397.4957275390625 1343.15869140625
403.1049499511719 1334.8717041015625
408.4200439453125 1326.3919677734375
413.46441650390625 1317.75
418.2610168457031 1308.9686279296875
422.8294677734375 1300.0670166015625
427.18988037109375 1291.0579833984375
431.35601806640625 1281.958984375
435.3429870605469 1272.7803955078125
439.1640319824219 1263.530517578125
442.83099365234375 1254.2174072265625
446.3531799316406 1244.8505859375
449.7411193847656 1235.433349609375
453.0030212402344 1225.9715576171875
456.14404296875 1216.4705810546875
459.1745910644531 1206.933837890625
462.115966796875 1197.3685302734375
464.9837646484375 1187.7801513671875
467.7888488769531 1178.175048828125
470.5400695800781 1168.5560302734375
473.24591064453125 1158.9200439453125
475.91058349609375 1149.2733154296875
478.5386047363281 1139.6168212890625
481.13433837890625 1129.950439453125
483.6999206542969 1120.278076171875
486.23876953125 1110.597900390625
488.7532653808594 1100.91064453125
491.2447814941406 1091.218505859375
493.71551513671875 1081.5208740234375
496.1670227050781 1071.81787109375
498.6005554199219 1062.1104736328125
501.01708984375 1052.39892578125
503.4179382324219 1042.683837890625
505.803955078125 1032.9647216796875
508.17584228515625 1023.2432250976562
510.53472900390625 1013.517822265625
512.88134765625 1003.7890625
515.2160034179688 994.058349609375
517.5394897460938 984.3250122070312
519.8523559570312 974.5885620117188
522.155029296875 964.8504638671875
524.4483642578125 955.1083984375
526.7320556640625 945.366455078125
529.0070190429688 935.6212768554688
531.2736206054688 925.8741455078125
533.5324096679688 916.1239624023438
535.7831420898438 906.373291015625
538.0264282226562 896.6207275390625
540.262451171875 886.8663940429688
542.4915771484375 877.1104125976562
544.7139282226562 867.3533935546875
546.9300537109375 857.5941772460938
549.1398315429688 847.8341674804688
551.3436889648438 838.0723266601562
553.5415649414062 828.30908203125
555.73388671875 818.544921875
557.9208374023438 808.7794189453125
560.1024169921875 799.0125732421875
562.2789306640625 789.244873046875
564.4503173828125 779.47607421875
566.6328125 769.709716796875
568.8201293945312 759.9439086914062
571.0073852539062 750.1784057617188
573.1944580078125 740.4133911132812
575.3816528320312 730.6480102539062
577.5689086914062 720.8824462890625
579.756103515625 711.1170043945312
581.943359375 701.3515625
584.1305541992188 691.586181640625
586.3177490234375 681.82080078125
588.5048828125 672.0557250976562
590.6922607421875 662.28955078125
592.8794555664062 652.5241088867188
595.066650390625 642.7587890625
597.2537841796875 632.9935302734375
599.4410400390625 623.22802734375
601.6282958984375 613.4624633789062
603.8153686523438 603.6975708007812
606.0025634765625 593.9321899414062
608.18994140625 584.1661376953125
610.3770141601562 574.4012451171875
612.564208984375 564.6359252929688
614.7514038085938 554.8705444335938
616.9384765625 545.1056518554688
619.125732421875 535.3400268554688
621.3128051757812 525.5751342773438
623.500244140625 515.8087158203125
625.6873168945312 506.0440368652344
627.87451171875 496.2785949707031
630.0618286132812 486.5126037597656
632.2492065429688 476.7465515136719
634.436279296875 466.9816589355469
636.60986328125 457.21343994140625
638.77490234375 447.44232177734375
640.98046875 437.68115234375
643.228759765625 427.9293212890625
645.5220947265625 418.1880798339844
647.86279296875 408.4578857421875
650.2532348632812 398.7402648925781
652.696533203125 389.0357360839844
655.1956787109375 379.34637451171875
657.7545166015625 369.6710510253906
660.3763427734375 360.01348876953125
663.0656127929688 350.3741760253906
665.8273315429688 340.75494384765625
668.6660766601562 331.1588439941406
671.5881958007812 321.5885009765625
674.6004638671875 312.0452880859375
677.710205078125 302.53387451171875
680.9264526367188 293.0578918457031
684.2592163085938 283.6221618652344
687.7200927734375 274.2323303222656
691.3226318359375 264.8963928222656
695.0831298828125 255.623046875
699.0208740234375 246.42335510253906
703.1591186523438 237.31224060058594
707.5264892578125 228.30838012695312
712.157958984375 219.43809509277344
717.0978393554688 210.73623657226562
722.4030151367188 202.25192260742188
728.1348266601562 194.0498809814453
734.2390747070312 186.1199188232422
740.7079467773438 178.4851531982422
747.5607299804688 171.19395446777344
754.8138427734375 164.3011932373047
762.4778442382812 157.86805725097656
770.5535888671875 151.9616241455078
779.0321655273438 146.64968872070312
787.8900756835938 141.99815368652344
797.089599609375 138.06512451171875
806.5792846679688 134.89454650878906
816.2966918945312 132.51266479492188
826.174072265625 130.92388916015625
836.1461791992188 130.11199951171875
846.150390625 130.12213134765625
856.12646484375 130.8744354248047
866.0177001953125 132.37747192382812
875.74853515625 134.70010375976562
885.2283935546875 137.8963165283203
894.353759765625 141.99441528320312
903.0217895507812 146.98892211914062
911.138916015625 152.8358154296875
918.6362915039062 159.45831298828125
925.47607421875 166.758056640625
931.6510620117188 174.6295166015625
937.17822265625 182.96902465820312
942.0916748046875 191.6849365234375
946.4353637695312 200.6987762451172
950.2569580078125 209.94667053222656
953.6030883789062 219.37696838378906
956.518798828125 228.94973754882812
959.0452880859375 238.6326904296875
961.2193603515625 248.4009552001953
963.0740356445312 258.23431396484375
964.6387939453125 268.11871337890625
965.9395141601562 278.0404968261719
