123.8260546875
8425 10519
8301.5712890625 10510.5654296875
8178.48095703125 10497.7783203125
8056.55322265625 10476.2119140625
7934.4970703125 10455.4501953125
7813.17529296875 10430.689453125
7692.40478515625 10403.34765625
7571.51123046875 10376.556640625
7450.44189453125 10350.5771484375
7329.11083984375 10325.8486328125
7207.3291015625 10303.4697265625
7084.40478515625 10289.7548828125
6961.4677734375 10275.59375
6838.93798828125 10257.728515625
6716.2626953125 10240.88671875
6593.62255859375 10223.8037109375
6471.5498046875 10203.07421875
6350.29345703125 10178.0107421875
6230.1162109375 10148.2119140625
6111.3720703125 10113.140625
5994.57373046875 10072.068359375
5880.48779296875 10023.990234375
5769.6259765625 9968.8515625
5653.669921875 9936
5529.96142578125 9939.9189453125
5407.2705078125 9956.2109375
5285.4111328125 9978.1943359375
5162.12548828125 9987.8037109375
5038.3095703125 9988.6591796875
4914.7724609375 9981.92578125
4960.67822265625 9948.31640625
4955.6611328125 9892.2998046875
4836.2646484375 9859.546875
4718.38134765625 9821.7109375
4748.0849609375 9890.689453125
4682.62744140625 9931.501953125
4558.99365234375 9938.1787109375
4435.1875 9939.9326171875
4311.66943359375 9931.8662109375
4189.24072265625 9913.5283203125
4069.2421875 9883.2392578125
3971.4404296875 9818.0849609375
3878.753662109375 9749.9072265625
3795.809326171875 9658.0283203125
3719.90625 9560.220703125
3653.981201171875 9455.5390625
3602.435546875 9342.9970703125
3559.7099609375 9226.806640625
3529.65283203125 9106.8349609375
3515.26416015625 8983.8759765625
3507.161376953125 8860.3212890625
3503.196044921875 8736.564453125
3503.0322265625 8612.744140625
3500.544189453125 8488.98828125
3478.370849609375 8367.4599609375
3428.63525390625 8254.2626953125
3366.213623046875 8147.34326171875
3308.01416015625 8041.71044921875
3242.6044921875 7936.7451171875
3189.34521484375 7825.5244140625
3172.775634765625 7703.0712890625
3172.051513671875 7579.328125
3203.130859375 7459.7431640625
3239.709228515625 7341.453125
3267.891357421875 7220.9013671875
3288.443115234375 7098.806640625
3307.177978515625 6976.40625
3317.579833984375 6853.107421875
3319.9814453125 6729.3125
3315.41943359375 6605.61474609375
3292.4599609375 6484.0341796875
3256.822998046875 6365.517578125
3205.54345703125 6252.95068359375
3134.169189453125 6152.060546875
3041.143798828125 6070.830078125
2931.07470703125 6014.73046875
2812.584228515625 5979.09130859375
2690.224853515625 5960.75634765625
2566.608642578125 5953.826171875
2442.84423828125 5949.8984375
2321.08349609375 5964.12255859375
2201.163330078125 5994.96923828125
2082.03662109375 6028.72998046875
1964.7242431640625 6068.31005859375
1850.7958984375 6116.71337890625
1742.708251953125 6176.98779296875
1642.85693359375 6250.0986328125
1551.5853271484375 6333.70703125
1467.91064453125 6424.923828125
1394.4027099609375 6524.47802734375
1334.2039794921875 6632.568359375
1289.5484619140625 6747.9560546875
1260.6656494140625 6868.279296875
1228.3994140625 6987.3583984375
1216.41748046875 7110.51708984375
1215.15625 7234.28759765625
1232.0174560546875 7355.654296875
1249.7152099609375 7476.45849609375
1298.6221923828125 7560.89697265625
1326.1898193359375 7681.60791015625
1352.148193359375 7802.689453125
1379.502197265625 7923.455078125
1405.25244140625 8044.5751953125
1427.4925537109375 8166.3759765625
1444.05517578125 8289.0712890625
1453.979248046875 8412.486328125
1458.4456787109375 8536.2216796875
1455.6845703125 8659.98828125
1441.2630615234375 8782.900390625
1408.4830322265625 8902.125
1351.359130859375 9011.654296875
1271.5430908203125 9106.2626953125
1187.1986083984375 9196.912109375
1100.3408203125 9285.1611328125
1008.801513671875 9368.4580078125
918.6427612304688 9328.8623046875
819.7003173828125 9255.1826171875
704.4776000976562 9210.2275390625
582.7167358398438 9190.4072265625
458.98895263671875 9193.6728515625
337.4721374511719 9215.8916015625
384.8247985839844 9111.2060546875
448.4931335449219 9005.021484375
505.8526611328125 8895.3212890625
577.5662841796875 8799.8134765625
609.9575805664062 8685.77734375
632.6740112304688 8565.5986328125
668.23486328125 8449.125
645.199951171875 8328.1650390625
596.967529296875 8214.8759765625
575.8572998046875 8092.89404296875
555.2781372070312 7970.798828125
531.0327758789062 7849.36962890625
504.7634582519531 7728.36669921875
476.4710388183594 7607.84521484375
449.4299011230469 7487.025390625
425.3325500488281 7365.59228515625
405.7303771972656 7243.326171875
392.4186706542969 7120.2509765625
386.4415588378906 6996.5888671875
387.2931823730469 6872.78369140625
394.9059143066406 6749.2080078125
409.6065673828125 6626.2666015625
431.6574401855469 6504.42919921875
461.25811767578125 6384.21875
498.5397033691406 6266.16455078125
543.5455932617188 6150.82177734375
596.202392578125 6038.78662109375
656.359619140625 5930.57470703125
723.7275390625 5826.728515625
797.9675903320312 5727.65576171875
878.6293334960938 5633.744140625
965.1629638671875 5545.18408203125
1054.455078125 5459.4052734375
1145.2578125 5375.2431640625
1237.849609375 5293.04150390625
1332.5264892578125 5213.22119140625
1429.5487060546875 5136.3095703125
1529.23193359375 5062.82568359375
1631.735595703125 4993.37646484375
1737.174560546875 4928.46923828125
1845.490478515625 4868.48681640625
1956.4365234375 4813.54736328125
2069.606201171875 4763.36962890625
2185.495361328125 4719.91943359375
2304.5244140625 4685.9296875
2426.1630859375 4663.08349609375
2549.325439453125 4650.6650390625
2673.044677734375 4646.1591796875
2796.86572265625 4646.7763671875
2920.588134765625 4651.5576171875
3044.01123046875 4661.40966796875
3166.917724609375 4676.34375
3289.26171875 4695.43408203125
3411.124267578125 4717.2353515625
3531.95654296875 4744.1982421875
3650.645263671875 4779.41943359375
3767.116455078125 4821.43701171875
3882.45751953125 4866.43408203125
3995.158447265625 4917.6416015625
4099.66552734375 4983.73388671875
4191.19189453125 5066.98876953125
4273.8388671875 5159.1435546875
4349.4091796875 5257.19482421875
4417.9453125 5360.30517578125
4464.142578125 5333.1201171875
4472.787109375 5209.591796875
4482.22216796875 5086.11083984375
4495.14208984375 4962.96337890625
4508.13720703125 4839.8505859375
4522.66552734375 4716.9091796875
4597.95703125 4739.1357421875
4663.92919921875 4843.9326171875
4728.22216796875 4949.7509765625
4795.2998046875 5053.81005859375
4871.46435546875 5151.35009765625
4957.310546875 5240.5556640625
5053.591796875 5318.1376953125
5162.5263671875 5376.76220703125
5277.03076171875 5423.85693359375
5393.2841796875 5466.50146484375
5510.0888671875 5507.5830078125
5626.72509765625 5549.15869140625
5672.0087890625 5457.9228515625
5690.43115234375 5335.4716796875
5708.29296875 5212.94140625
5726.70751953125 5090.51416015625
5746.560546875 4968.2861328125
5768.82470703125 4846.48193359375
5794.48486328125 4725.34423828125
5823.9306640625 4605.0791015625
5856.68603515625 4485.67578125
5891.8251953125 4366.93408203125
5928.47265625 4248.6650390625
5966.02392578125 4130.66259765625
6004.080078125 4012.835693359375
6042.34521484375 3895.06005859375
6080.32568359375 3777.19970703125
6117.9755859375 3659.24609375
6155.2197265625 3541.15673828125
6191.8818359375 3422.867431640625
6227.35791015625 3304.232177734375
6262.119140625 3185.39013671875
6297.64794921875 3066.777099609375
6333.59228515625 2948.2919921875
6369.83251953125 2829.9013671875
6406.32177734375 2711.58203125
6443.0400390625 2593.330810546875
6479.98876953125 2475.1533203125
6517.1923828125 2357.052001953125
6554.712890625 2239.025390625
6592.20263671875 2121.023193359375
6628.611328125 2002.671875
6659.78662109375 1882.879638671875
6669.9951171875 1759.71435546875
6656.04931640625 1637.0855712890625
6596.84423828125 1529.296875
6511.1220703125 1440.0787353515625
6418.4501953125 1357.942626953125
6337.1904296875 1265.2777099609375
6301.70458984375 1147.7596435546875
6305.6953125 1024.419921875
6383.54443359375 930.534912109375
6491.810546875 870.6649780273438
6609.4326171875 843.1058349609375
6733.1982421875 839.6367797851562
6856.88720703125 833.9080200195312
6971.68115234375 792.2193603515625
7090.52685546875 757.497314453125
7208.76806640625 720.7718505859375
7330.431640625 698.4757690429688
7454.02001953125 691.9999389648438
7577.8447265625 692.7720336914062
7701.60791015625 696.3802490234375
7825.24853515625 703.1452026367188
7948.0517578125 718.5430908203125
8064.27978515625 759.4830322265625
8157.8623046875 839.761962890625
8207.76953125 949.921142578125
8191.47509765625 1072.3258056640625
8162.48583984375 1192.6767578125
8138.955078125 1314.2269287109375
8122.6552734375 1436.9600830078125
8111.89111328125 1560.3092041015625
8104.58984375 1683.91845703125
8099.322265625 1807.6629638671875
8095.2490234375 1931.4022216796875
8092.498046875 2055.172119140625
8092.78662109375 2179.020751953125
8097.3779296875 2302.763916015625
8105.931640625 2426.322509765625
8115.70166015625 2549.761962890625
8125.10791015625 2673.2353515625
8134.30859375 2796.73095703125
8145.513671875 2920.04248046875
8159.4931640625 3043.0732421875
8174.5400390625 3165.955810546875
8194.8330078125 3288.12451171875
8215.396484375 3410.239501953125
8235.3330078125 3532.4541015625
8257.8271484375 3654.212890625
8282.3857421875 3775.6005859375
8306.3837890625 3897.0693359375
8336.3408203125 4017.189453125
8371.3818359375 4135.9482421875
8408.6005859375 4254.03662109375
8486.31640625 4281.55224609375
8520.3427734375 4162.53662109375
8548.947265625 4042.052978515625
8571.5146484375 3920.325927734375
8584.5537109375 3797.236572265625
8587.5029296875 3673.4609375
8583.8447265625 3549.690673828125
8578.24609375 3426.000732421875
8571.171875 3302.3671875
8561.98828125 3178.892822265625
8548.1005859375 3055.8486328125
8536.1923828125 2932.592041015625
8527.7001953125 2809.0341796875
8517.8759765625 2685.599365234375
8504.6240234375 2562.481201171875
8487.2939453125 2439.8818359375
8465.1923828125 2318.057861328125
8437.6455078125 2197.363525390625
8404.0849609375 2078.17724609375
8371.6484375 1958.8447265625
8372.912109375 1835.1700439453125
8379.6962890625 1711.5211181640625
8466.9912109375 1626.2562255859375
8579.4560546875 1577.0245361328125
8703.07421875 1570.947509765625
8826.9013671875 1570.08837890625
8950.7353515625 1569.715576171875
9074.5234375 1572.0570068359375
9189.9541015625 1599.8907470703125
9070.25390625 1618.809814453125
8974.9921875 1694.2047119140625
9057.0048828125 1760.6578369140625
9090.3779296875 1871.79638671875
9190.4716796875 1888.89501953125
9256.6064453125 1801.7581787109375
9328.2294921875 1729.530517578125
9324.1064453125 1635.8310546875
9422.9814453125 1708.3966064453125
9452.6943359375 1826.2213134765625
9452.8505859375 1950.034423828125
9448.1484375 2073.739013671875
9433.181640625 2196.61669921875
9414.572265625 2318.997802734375
9407.5966796875 2442.61572265625
9404.7841796875 2566.4287109375
9402.99609375 2690.228759765625
9401.48046875 2814.04638671875
9401.482421875 2937.885498046875
9404.5224609375 3061.66943359375
9417.529296875 3184.749267578125
9435.1103515625 3307.33154296875
9454.16796875 3429.677001953125
9475.388671875 3551.67333984375
9499.287109375 3673.195068359375
9525.8916015625 3794.137451171875
9554.7646484375 3914.53564453125
9585.291015625 4034.542236328125
9616.9150390625 4154.27734375
9649.22265625 4273.8212890625
9682.025390625 4393.228515625
9716.5224609375 4512.154296875
9754.943359375 4629.845703125
9803.416015625 4743.67529296875
9875.6806640625 4843.6474609375
9979.29296875 4905.02490234375
10017.466796875 4797.51416015625
10017.7412109375 4673.67041015625
10016.671875 4549.84423828125
10014.8876953125 4426.03515625
10012.5087890625 4302.19677734375
10009.4794921875 4178.42724609375
10005.4912109375 4054.6484375
9999.5166015625 3930.94873046875
9992.8486328125 3807.296142578125
9985.876953125 3683.65625
9978.9228515625 3560.018798828125
9971.533203125 3436.4453125
9961.66796875 3313.0009765625
9948.8740234375 3189.832763671875
9934.232421875 3066.8818359375
9919.3681640625 2943.985595703125
9904.810546875 2821.0283203125
9890.9111328125 2697.991455078125
9873.529296875 2575.419677734375
9857.3515625 2452.712646484375
9846.31640625 2329.357421875
9836.3310546875 2205.924560546875
9823.130859375 2082.833251953125
9798.890625 1961.4974365234375
9761.2919921875 1843.584716796875
9757.2685546875 1720.82373046875
9789.626953125 1602.697509765625
9876.87109375 1515.220458984375
9984.646484375 1458.7308349609375
10107.7275390625 1445.61474609375
10229.9326171875 1450.683349609375
10343.04296875 1489.011474609375
10466.7041015625 1483.168212890625
10590.3837890625 1477.3577880859375
10680.0791015625 1559.0948486328125
10718.9814453125 1673.146484375
10704.646484375 1796.041748046875
10683.369140625 1918.0059814453125
10660.6611328125 2039.7879638671875
10640.0849609375 2161.86865234375
10631.5029296875 2285.345458984375
10630.0556640625 2409.148681640625
10630.2646484375 2532.977294921875
10632.40625 2656.769287109375
10638.2138671875 2780.457763671875
10648.9638671875 2903.795166015625
10663.8876953125 3026.698486328125
10679.2646484375 3149.567138671875
10694.73046875 3272.438720703125
10718.396484375 3393.96533203125
10746.2958984375 3514.6201171875
10776.6455078125 3634.680908203125
10809.576171875 3754.0166015625
10847.6806640625 3871.77783203125
10889.423828125 3988.361328125
10931.4970703125 4104.818359375
10975.5400390625 4220.53564453125
11018.7822265625 4183.06640625
11048.271484375 4062.83056640625
11082.3095703125 3943.772705078125
11117.3076171875 3824.960205078125
11154.693359375 3706.8603515625
11205.97265625 3594.28515625
11267.2314453125 3486.6669921875
11328.2783203125 3378.92333984375
11384.3505859375 3268.546630859375
11422.9443359375 3151.1611328125
11436.8798828125 3028.294677734375
11443.416015625 2904.6611328125
11499.3525390625 2856.193603515625
11577.4033203125 2951.881591796875
11626.201171875 3064.989501953125
11628.1630859375 3188.576416015625
11586.166015625 3304.10400390625
11511.671875 3402.44482421875
11415.8828125 3480.66943359375
11322.3154296875 3561.345703125
11252.48828125 3663.309326171875
11203.7216796875 3776.988525390625
11168.46484375 3895.588134765625
11142.150390625 4016.5625
11123.4453125 4138.9697265625
11112.44140625 4262.3017578125
11110.2666015625 4386.08349609375
11124.8447265625 4508.59521484375
11165.2958984375 4625.5595703125
11209.6513671875 4741.134765625
11253.7109375 4856.8623046875
11296.6865234375 4973.02685546875
11338.6201171875 5089.53515625
11379.4111328125 5206.47119140625
11418.541015625 5323.96484375
11454.8623046875 5442.2998046875
11491.7900390625 5560.51025390625
11526.4267578125 5679.3125
11557.8154296875 5799.046875
11587.611328125 5919.26123046875
11616.283203125 6039.7060546875
11644.041015625 6160.369140625
11670.9453125 6281.22900390625
11696.962890625 6402.31396484375
11721.9111328125 6523.58056640625
11745.3837890625 6645.13427734375
11766.1162109375 6767.2265625
11784.53125 6889.56640625
11806.1357421875 7011.48583984375
11817.7744140625 7134.6708984375
11818.876953125 7258.50732421875
11817.9150390625 7382.3466796875
11816.50390625 7506.1572265625
11814.998046875 7629.95703125
11811.728515625 7753.7392578125
11800.349609375 7876.98876953125
11776.7119140625 7998.521484375
11748.125 8119.00927734375
11718.90625 8239.3359375
11687.458984375 8359.0546875
11649.58203125 8476.9208984375
11602.240234375 8591.314453125
11545.314453125 8701.24609375
11476.6123046875 8804.1796875
11398.3447265625 8900.08984375
11314.875 8991.5537109375
11228.8466796875 9080.634765625
11141.552734375 9168.451171875
11053.2900390625 9255.3232421875
10963.423828125 9340.4765625
10871.5869140625 9423.525390625
10777.4873046875 9504.0205078125
10680.923828125 9581.541015625
10581.841796875 9655.79296875
10480.34375 9726.7109375
10376.6826171875 9794.3955078125
10272.0849609375 9860.654296875
10166.630859375 9925.5791015625
10058.578125 9985.673828125
9950.2119140625 10045.271484375
9836.919921875 10095.2275390625
9724.3447265625 10146.806640625
9610.416015625 10195.287109375
9495.080078125 10240.375
9378.6962890625 10282.6494140625
9261.5830078125 10322.849609375
9143.986328125 10361.603515625
9026.109375 10399.486328125
8908.05859375 10436.8486328125
8789.53515625 10472.7900390625
8670.0087890625 10505.1806640625
8548.2412109375 10526.943359375
